300
922 194 202 129 193 10
440 250 336 181 232 195
480 738 217 193 158 12
67 57 294 93 201 70
632 213 97 88 230 174
470 535 189 134 213 119
771 205 273 165 139 141
651 358 453 90 170 110
37 106 185 127 187 228
637 281 92 198 114 227
431 492 141 210 80 98
169 49 324 39 77 182
104 347 166 106 108 108
935 164 132 243 72 187
142 381 17 27 95 166
771 337 481 98 239 104
908 539 5 209 193 115
380 697 182 214 213 176
229 543 221 65 80 77
297 611 445 151 254 82
720 562 423 78 171 192
153 232 275 208 188 237
770 666 188 147 188 216
272 755 385 224 22 55
681 495 169 180 21 189
718 1 147 67 59 214
359 131 169 73 14 131
615 784 237 35 110 250
644 561 200 47 78 107
852 359 117 76 15 87
319 527 11 217 215 89
681 934 62 65 156 213
818 419 432 200 41 58
33 606 351 62 26 134
872 231 299 128 49 217
769 422 334 134 165 21
403 257 129 218 26 42
433 365 360 58 145 136
431 468 450 206 196 49
308 118 166 251 240 233
431 368 269 110 170 241
423 926 447 234 209 193
205 36 82 124 163 120
302 563 82 168 160 55
136 98 135 9 99 76
538 287 178 40 79 181
325 234 79 131 226 155
414 457 131 33 225 29
14 701 260 178 225 103
350 322 277 105 243 234
170 281 117 55 48 251
825 801 429 106 228 1
439 830 199 139 202 164
178 272 194 30 144 162
818 241 200 153 111 178
161 668 113 248 44 134
318 676 273 63 6 182
823 127 407 160 175 32
400 577 160 60 95 40
755 61 365 252 77 236
365 35 77 15 168 47
505 749 379 142 183 169
29 287 181 45 46 96
786 999 262 124 222 186
548 526 276 243 102 187
773 104 411 100 132 161
449 1003 246 176 31 147
189 46 463 107 197 3
838 690 474 224 10 178
185 824 184 94 12 68
788 351 304 46 28 243
293 61 54 159 10 138
371 784 81 85 34 54
492 434 52 81 162 235
87 699 471 169 146 27
375 987 454 216 139 118
771 146 95 2 72 132
854 1008 81 50 81 197
142 742 293 159 133 241
25 421 84 236 77 94
135 479 55 229 73 146
477 782 486 36 244 57
34 147 479 210 57 97
661 832 324 62 27 112
947 301 183 61 165 69
803 769 274 172 236 120
57 26 255 36 10 85
905 571 217 125 64 171
841 217 415 27 66 15
906 912 312 215 9 221
609 25 85 173 244 120
681 435 491 52 149 179
758 13 124 206 28 130
43 662 274 126 163 228
119 62 199 46 29 106
183 300 426 140 235 185
716 490 174 194 92 149
335 922 287 97 75 212
33 100 183 193 168 191
745 946 24 28 253 35
358 283 290 119 100 122
775 333 283 28 39 87
765 913 125 6 213 184
41 962 466 20 57 183
887 104 433 117 83 125
168 359 321 152 165 245
756 357 13 24 18 3
41 519 298 51 52 79
904 620 288 8 255 9
890 192 169 2 88 231
220 933 208 78 97 255
663 618 310 121 101 15
190 156 158 215 152 241
913 240 399 206 226 178
774 435 217 236 229 36
879 142 161 57 1 114
270 30 363 215 240 153
257 815 165 120 81 96
612 686 487 125 179 142
572 454 113 112 101 171
26 20 288 163 66 117
255 872 417 126 179 65
317 99 268 113 38 237
732 481 226 248 86 34
642 179 88 246 101 45
540 976 489 190 206 108
131 103 364 209 168 22
298 972 354 127 233 110
946 396 376 180 132 141
593 853 335 148 0 155
160 126 266 243 72 60
753 301 2 190 6 158
839 807 146 31 68 31
957 616 287 10 123 175
251 483 151 20 160 135
573 301 44 214 20 69
109 140 31 229 254 245
137 515 478 254 160 185
248 43 28 76 93 69
664 155 226 255 90 2
564 831 280 133 216 97
895 425 196 183 133 237
198 881 318 86 88 187
501 795 500 245 99 217
667 75 176 20 59 62
215 99 372 68 255 147
704 623 309 17 217 161
695 314 350 255 2 34
391 641 117 245 19 245
57 553 46 191 79 75
742 207 277 198 212 190
625 253 290 131 102 177
378 434 273 56 143 179
367 538 189 19 101 157
203 656 79 70 239 99
746 828 357 134 33 183
144 327 94 75 13 33
566 699 162 148 222 81
747 703 115 87 216 228
32 19 157 53 115 6
231 691 74 246 133 228
174 92 7 241 222 17
23 509 62 245 116 212
789 1011 445 179 58 214
882 314 45 224 29 45
128 449 381 182 211 185
942 147 9 255 225 165
485 310 466 159 144 230
209 594 450 49 130 109
492 783 162 148 15 154
55 671 343 141 13 34
568 323 338 100 72 74
117 37 195 51 191 81
187 88 269 141 85 143
473 349 83 153 24 28
639 924 221 218 214 101
890 835 111 92 97 166
269 952 210 92 29 11
956 445 336 167 214 176
206 7 36 190 169 228
24 379 74 34 58 9
911 940 387 195 68 38
783 90 442 26 246 217
121 2 72 122 239 103
913 837 485 155 39 75
944 61 420 253 209 58
763 1 169 1 15 42
248 268 206 200 87 28
306 643 307 83 216 145
226 458 40 174 37 229
834 935 74 153 33 24
166 854 128 178 134 94
874 259 154 242 128 126
321 923 24 170 189 86
862 282 333 71 128 120
736 22 255 202 224 27
13 178 86 5 30 151
821 876 155 180 191 8
61 889 263 119 64 106
634 29 110 255 220 25
174 516 169 234 21 236
8 869 321 46 147 93
181 149 87 11 17 11
57 988 410 52 39 2
310 597 69 251 225 157
214 971 336 91 41 154
466 44 46 119 170 100
441 171 69 21 22 80
74 923 130 157 97 141
488 87 427 195 224 200
512 789 383 175 100 202
128 1006 365 109 48 10
703 152 207 159 204 10
96 674 233 139 74 29
72 531 1 178 219 102
445 143 204 124 46 28
898 25 499 141 32 168
866 739 476 200 95 15
176 923 26 0 73 155
750 638 171 164 182 143
605 586 205 194 209 111
734 127 401 232 9 226
824 225 137 174 61 68
806 546 420 108 46 34
695 556 184 139 155 198
728 89 436 94 131 141
376 26 59 32 107 127
500 1021 210 189 21 98
428 31 341 150 7 77
325 779 384 107 173 146
734 636 130 156 116 247
150 625 102 106 245 154
31 218 196 114 0 11
676 394 497 22 135 120
635 12 55 18 210 151
950 90 325 91 54 244
771 530 232 151 103 55
80 980 81 152 7 98
24 967 318 220 70 38
585 309 338 19 115 100
771 992 271 35 39 251
234 168 210 47 207 81
534 998 427 242 9 227
761 749 344 79 46 69
434 976 79 151 1 209
-1 909 226 82 65 9
907 723 16 77 214 219
822 628 425 115 227 69
734 891 473 22 25 213
948 900 198 110 166 227
878 498 218 123 96 246
916 245 134 218 73 209
283 554 394 233 155 26
416 257 498 225 95 67
766 335 169 18 170 69
586 960 178 138 137 181
154 523 493 117 196 0
331 184 12 220 33 16
76 732 173 28 166 46
52 419 345 20 242 33
204 57 148 17 105 146
775 834 475 2 64 148
849 996 471 148 236 68
285 641 150 243 245 243
12 710 193 145 247 224
127 450 243 68 50 36
657 910 305 250 167 196
896 99 444 247 20 17
162 485 82 70 34 67
79 90 2 134 54 132
475 614 163 45 127 144
285 531 369 183 164 2
473 387 427 203 135 94
665 332 258 132 145 137
83 1000 334 244 78 145
353 999 265 192 6 221
172 106 143 194 0 73
879 363 231 100 152 159
848 670 7 23 54 151
661 607 120 239 182 204
456 192 92 45 222 252
164 833 3 241 246 223
135 52 197 74 227 46
27 238 436 145 71 104
39 1005 118 80 33 173
172 970 33 78 175 223
487 608 428 107 210 122
928 531 234 235 173 103
574 901 155 151 219 39
836 292 484 148 116 83
14 406 51 61 174 9
642 835 124 167 149 26
397 393 72 146 70 159
309 569 22 71 225 149
183 912 475 141 25 55
379 529 223 14 234 73
264 605 489 221 14 139
244 707 268 19 240 1
570 984 61 12 33 239
641 875 344 211 52 115