100
-164 -192 50 243 119 34
1 202 79 128 208 81
626 220 336 180 124 52
190 896 363 203 26 251
523 541 274 33 14 89
288 951 303 98 95 46
269 952 219 50 25 98
876 819 343 215 125 163
536 -467 54 235 14 132
68 -204 451 9 178 30
-432 235 251 232 232 6
564 304 32 188 105 251
517 250 343 155 175 229
21 815 374 169 37 186
9 -281 470 59 95 10
34 818 422 80 69 46
-326 -419 234 41 114 45
-110 -85 103 254 0 154
353 156 284 125 71 251
156 95 62 135 114 230
606 -43 208 165 62 129
-156 259 427 251 135 179
513 770 192 87 102 128
-456 564 136 104 12 115
893 259 363 235 255 26
-34 -81 55 90 207 44
-312 789 456 114 121 23
423 -372 400 142 68 169
-150 -502 196 6 208 16
21 -310 434 103 215 134
-319 283 209 115 212 41
561 397 254 132 94 120
348 677 45 29 73 187
-388 636 180 201 134 192
-288 -284 61 101 14 72
-337 857 334 245 15 70
218 -84 479 243 105 200
546 193 392 88 14 151
914 -204 48 231 19 79
408 -438 221 59 153 144
701 658 401 112 85 250
315 673 166 19 192 106
-445 -441 88 197 83 186
-158 587 308 86 247 99
783 -279 195 194 36 142
299 426 64 76 76 0
61 -118 253 98 43 13
-305 -419 193 74 182 186
595 -47 63 163 71 121
103 -216 78 112 160 3
-256 -427 202 251 210 114
866 352 268 243 54 124
-360 522 467 197 65 16
811 -341 280 30 39 89
-38 603 87 39 102 125
58 828 7 76 142 16
949 50 20 167 167 201
-168 218 33 84 96 55
443 720 231 37 246 30
87 -69 448 68 199 133
593 -326 468 91 245 35
212 75 45 120 221 49
577 -107 467 122 192 123
354 765 13 215 246 16
611 259 476 6 30 196
-212 -458 330 106 19 26
14 632 298 225 48 247
728 115 117 100 6 30
-89 496 307 110 85 6
822 736 369 118 30 52
347 928 320 85 237 164
-175 -76 137 112 152 59
797 753 369 229 101 82
561 -304 130 189 42 135
393 339 363 129 3 226
-239 -248 361 39 218 133
-15 70 259 227 116 239
772 -478 292 178 251 200
530 623 289 74 252 171
236 769 296 37 108 123
511 673 103 206 187 92
301 43 449 14 221 110
-151 -414 149 71 6 82
351 529 133 55 38 5
-466 419 232 69 138 17
-456 1 239 255 83 50
206 906 267 176 234 241
76 891 161 226 37 61
330 744 219 30 114 242
304 -508 161 48 50 217
-309 310 359 67 151 176
-79 -417 383 82 183 171
158 118 297 114 120 26
431 273 466 155 51 250
424 -286 159 183 24 205
-393 -324 306 176 181 209
285 331 45 207 200 89
466 -35 109 10 157 103
322 456 225 75 40 104
542 20 111 190 10 167